timeStamp	cnt	avg(runTime)	avg(dbTime)	avg(cpuTime)	avg(vfTime)
16-05-08 18:00	14722	147.461711	80.2226	33.264864	14.112727
16-05-08 19:00	69991	150.968077	84.852538	33.720686	14.527877
16-05-08 20:00	50998	149.621257	96.74895	32.747635	13.491562
16-05-08 21:00	38152	146.140919	92.198641	33.091016	13.847799
16-05-08 22:00	23062	146.050098	90.379857	32.914521	13.915259
16-05-08 23:00	11660	149.611302	88.005239	35.143765	15.100824
16-05-09 00:00	9854	165.219839	74.96148	43.295863	21.325135
16-05-09 01:00	5768	147.284995	83.605766	35.569295	16.381209
16-05-09 02:00	5888	179.114004	110.267313	38.794453	16.598435
16-05-09 03:00	19727	156.021134	107.100081	37.364458	6.216419
16-05-09 04:00	39987	131.510779	91.273915	33.927705	4.61486
16-05-09 05:00	59583	185.686921	103.387387	36.432449	13.545071
16-05-09 06:00	224209	147.111408	51.041676	40.40928	20.251083
16-05-09 07:00	431120	155.843394	53.179175	42.503135	22.74516
16-05-09 08:00	541605	165.649595	57.567408	44.412091	24.136273
16-05-09 09:00	597749	167.75544	56.345976	45.247284	25.183744
16-05-09 10:00	530761	157.223563	47.12836	44.300534	24.517373
16-05-09 11:00	520870	163.692867	53.018451	44.136287	23.831162
16-05-09 12:00	482656	170.011801	50.966705	44.871653	27.216852
16-05-09 13:00	494768	180.011942	55.062793	45.480157	27.789206
16-05-09 14:00	519625	202.118346	60.84986	47.673482	35.654073
16-05-09 15:00	536172	175.64922	52.745564	46.820688	28.047876
16-05-09 16:00	464191	154.777667	48.585308	43.117816	22.501281
16-05-09 17:00	402967	162.965842	49.377499	41.397236	20.277686
16-05-09 18:00	179253	157.93605	72.067612	38.810488	15.826671
16-05-09 19:00	103475	161.780791	73.564448	38.076273	15.917042
16-05-09 20:00	58091	153.016497	93.288672	36.804961	15.007409
16-05-09 21:00	42534	152.323417	93.00882	37.503039	15.977086
16-05-09 22:00	22842	154.398133	92.684004	37.081917	15.483132
16-05-09 23:00	12093	148.136201	86.458358	35.805391	16.992595
16-05-10 00:00	9385	185.171563	75.320395	49.501179	25.4095
16-05-10 01:00	5410	139.607628	81.754047	33.693395	14.583256
16-05-10 02:00	5403	137.239053	79.320291	32.871809	13.929011
16-05-10 03:00	19210	150.20281	107.34822	36.547832	5.358495
16-05-10 04:00	38528	140.110763	95.250203	37.090241	6.041147
16-05-10 05:00	60800	228.155201	107.910329	41.956059	15.130828
16-05-10 06:00	218039	162.003129	63.155493	42.576266	20.860699
16-05-10 07:00	383920	162.019139	60.030214	43.795424	21.804024
16-05-10 08:00	484291	168.582931	59.263933	46.3593	24.596745
16-05-10 09:00	535806	168.272045	54.825961	46.776037	25.191926
16-05-10 10:00	502194	162.7225	54.682182	45.65509	24.070021
16-05-10 11:00	484216	162.156078	51.831337	45.80249	23.994393
16-05-10 12:00	463998	157.648865	48.209744	46.180184	24.491598
16-05-10 13:00	464599	164.274667	49.073564	46.99735	24.961788
16-05-10 14:00	488512	159.401354	47.48241	46.25682	24.671534
16-05-10 15:00	494288	163.69532	50.323759	45.342155	23.860437
16-05-10 16:00	465057	155.089548	49.210158	43.043859	22.076929
16-05-10 17:00	398313	160.223497	49.90848	40.997249	19.390505
16-05-10 18:00	164965	167.471781	77.098976	39.09357	16.255969
16-05-10 19:00	115601	154.755475	77.593285	37.291906	15.34197
16-05-10 20:00	64088	156.062858	98.825253	36.528938	14.75024
16-05-10 21:00	39866	147.031282	92.189541	35.274463	14.262954
16-05-10 22:00	21849	150.872964	93.141654	36.12611	14.688564
16-05-10 23:00	12177	146.74396	84.238024	37.313408	16.014446
16-05-11 00:00	10405	169.189018	70.837707	47.402818	23.960155
16-05-11 01:00	5475	142.363133	79.461766	35.548024	15.500924
16-05-11 02:00	5553	130.644444	75.478142	32.012022	13.255009
16-05-11 03:00	21751	137.825612	98.066378	33.607917	5.04112
16-05-11 04:00	39223	125.504567	84.966562	32.726353	5.27891
16-05-11 05:00	59349	205.017294	113.983764	37.684944	14.954992
16-05-11 06:00	227502	154.431109	53.412423	40.500209	20.798225
16-05-11 07:00	360814	163.933084	53.531602	43.981048	23.387744
16-05-11 08:00	440050	163.825399	54.665444	44.528722	24.458407
16-05-11 09:00	500979	167.98662	55.732231	44.792494	24.818008
16-05-11 10:00	445274	163.382986	50.82256	46.311874	25.170811
16-05-11 11:00	455595	168.104747	55.459665	45.934553	24.480687
16-05-11 12:00	447864	158.049396	46.343226	46.149771	25.358643
16-05-11 13:00	442322	168.312128	49.452372	47.355602	25.8029
16-05-11 14:00	502951	161.194961	46.125045	46.725294	25.665894
16-05-11 15:00	510945	162.870828	48.756918	45.659498	24.24546
16-05-11 16:00	457227	159.25559	51.978622	43.166092	22.272101
16-05-11 17:00	364564	165.747552	52.86149	41.620036	20.856514
16-05-11 18:00	148990	155.926923	69.57463	38.785374	17.498549
16-05-11 19:00	105897	156.640986	78.370794	36.893533	16.073016
16-05-11 20:00	68927	151.794064	93.325488	35.837087	14.711555
16-05-11 21:00	41347	148.717436	94.055133	35.087721	14.369376
16-05-11 22:00	24349	148.415766	92.344025	34.486006	13.888801
16-05-11 23:00	12077	146.174685	87.101682	35.034819	14.522708
16-05-12 00:00	10200	168.850299	72.573108	47.530279	22.80488
16-05-12 01:00	6007	132.936739	74.503383	33.803958	15.114175
16-05-12 02:00	6219	129.179114	73.375878	32.094133	14.313286
16-05-12 03:00	16209	178.440013	135.789715	33.073189	6.275384
16-05-12 04:00	40680	143.778544	100.228979	33.260523	6.192287
16-05-12 05:00	81988	152.400419	83.837257	35.172083	10.524449
16-05-12 06:00	225738	155.614894	60.342739	40.081353	19.427972
16-05-12 07:00	403388	154.50545	53.364234	42.230836	20.893168
16-05-12 08:00	496605	171.238515	60.64371	46.737429	25.154567
16-05-12 09:00	528109	166.403364	56.42597	46.723538	24.747675
16-05-12 10:00	477113	165.042257	55.139173	46.392772	24.891245
16-05-12 11:00	488428	170.24387	61.155062	45.707139	23.82411
16-05-12 12:00	447246	166.879615	57.048405	46.127141	24.524212
16-05-12 13:00	476763	171.069985	54.142935	47.240887	25.079319
16-05-12 14:00	489953	161.610203	48.386719	46.298672	24.596546
16-05-12 15:00	488931	164.796634	50.769968	45.280719	23.556794
16-05-12 16:00	426072	162.9396	53.675856	43.26094	22.062582
16-05-12 17:00	358801	173.06382	57.601404	41.429982	19.898038
16-05-12 18:00	154289	157.368474	74.929026	38.747132	15.458771
16-05-12 19:00	107345	160.336088	82.827562	38.375343	15.410883
16-05-12 20:00	60787	160.132626	100.935969	36.973421	15.089855
16-05-12 21:00	39170	153.749603	96.792421	35.485454	14.808308
16-05-12 22:00	22674	153.443589	93.73183	35.524054	15.379461
16-05-12 23:00	11529	151.267593	89.484907	36.282287	15.753386
16-05-13 00:00	9925	176.045665	75.125887	47.794199	23.362851
16-05-13 01:00	5669	138.430218	80.093823	33.467855	14.794345
16-05-13 02:00	5979	142.123313	82.411614	33.408198	14.753715
16-05-13 03:00	14957	185.032573	133.204657	40.128312	9.325458
16-05-13 04:00	41059	141.748824	96.068523	36.238138	6.300192
16-05-13 05:00	74528	173.8921	98.656736	38.276262	11.469536
16-05-13 06:00	240087	154.075209	56.585704	42.450274	19.375078
16-05-13 07:00	402056	171.786423	61.213035	44.107392	22.281009
16-05-13 08:00	486229	173.51571	60.58814	46.665983	24.684398
16-05-13 09:00	521365	172.038418	59.680251	47.138433	24.742584
16-05-13 10:00	460995	169.450332	57.564329	46.412607	24.332542
16-05-13 11:00	437487	178.426994	67.837786	46.220927	23.625901
16-05-13 12:00	435618	170.204338	59.749561	46.523032	24.224388
16-05-13 13:00	438146	166.928958	51.290117	46.355819	24.343729
16-05-13 14:00	459157	159.504433	48.195068	45.742756	24.111048
16-05-13 15:00	438733	169.691716	54.481579	45.467097	23.156863
16-05-13 16:00	384738	160.534601	52.352496	42.550491	21.144179
16-05-13 17:00	325451	165.163553	55.701154	41.189371	18.981741
16-05-13 18:00	139533	159.695764	77.487461	38.774723	15.177931
16-05-13 19:00	95500	152.082053	76.219337	37.176455	15.019676
16-05-13 20:00	53638	160.139683	100.301624	37.526538	15.315266
16-05-13 21:00	41488	155.986363	99.179732	36.408232	14.393754
16-05-13 22:00	25439	157.281817	98.400056	35.668252	14.181833
16-05-13 23:00	15439	150.813243	93.28412	34.718271	14.018994
16-05-14 00:00	11971	169.382849	81.872269	44.073931	20.223507
16-05-14 01:00	5598	131.424331	74.373397	32.596922	14.241664
16-05-14 02:00	5569	133.278371	76.616065	33.021923	13.874908
16-05-14 03:00	17453	148.795802	105.219661	34.718015	5.292862
16-05-14 04:00	36108	130.15506	88.894258	34.412479	4.644486
16-05-14 05:00	46619	183.326367	103.968841	36.262772	9.411213
16-05-14 06:00	166683	148.223633	59.265584	37.832985	16.478332
16-05-14 07:00	275273	157.968885	62.257341	38.646373	17.617657
16-05-14 08:00	349560	160.175082	62.713245	40.319076	19.444655
16-05-14 09:00	392643	159.310428	59.309743	41.149736	20.00145
16-05-14 10:00	358593	158.865862	59.47008	41.151721	19.757773
16-05-14 11:00	322099	177.593608	72.669999	41.685341	20.56279
16-05-14 12:00	322465	149.546375	45.931842	41.41631	21.031293
16-05-14 13:00	311693	155.385674	47.706959	41.656564	21.148414
16-05-14 14:00	303628	149.09947	43.151736	41.252401	21.157548
16-05-14 15:00	285884	160.130084	53.330738	40.833347	20.302307
16-05-14 16:00	237836	148.51538	46.063691	40.092638	20.206693
16-05-14 17:00	199354	163.219933	51.80651	39.530273	19.158644
16-05-14 18:00	85971	154.302507	68.893418	37.422844	16.625509
16-05-14 19:00	61843	153.166786	75.801172	36.261498	15.844283
16-05-14 20:00	42533	156.452398	99.181066	35.934158	14.505241
16-05-14 21:00	32970	152.687687	95.422101	35.222514	14.61185
16-05-14 22:00	21067	153.435661	92.086389	35.935807	15.272612
16-05-14 23:00	14541	144.838186	86.691534	35.431668	14.567481
16-05-15 00:00	11030	164.916021	73.077347	46.555068	22.758524
16-05-15 01:00	6102	139.268029	77.212295	35.464111	16.071272
16-05-15 02:00	5176	138.051374	73.683393	36.269016	16.758463
16-05-15 03:00	18766	133.628502	90.853697	34.363861	4.341831
16-05-15 04:00	32384	132.916032	85.29871	35.054673	4.282789
16-05-15 05:00	21796	267.441821	183.599347	37.050017	9.753608
16-05-15 06:00	37469	148.769451	83.289053	32.902924	13.80538
16-05-15 07:00	66273	178.43247	101.826096	32.347838	12.498202
16-05-15 08:00	71020	205.34071	132.171423	35.53906	15.182118
16-05-15 09:00	76962	208.122851	130.649768	36.13063	15.432928
16-05-15 10:00	68686	209.620914	131.480934	35.79366	15.087613
16-05-15 11:00	63209	265.295602	184.082318	36.914056	15.013281
16-05-15 12:00	63372	183.990336	105.49221	36.05176	15.448647
16-05-15 13:00	62476	169.059589	85.349945	36.366181	15.676841
16-05-15 14:00	64726	159.807333	80.48727	36.304803	15.757291
16-05-15 15:00	68675	165.846244	84.183309	36.105197	16.191435
16-05-15 16:00	75967	157.714319	80.044056	35.422569	15.395399
16-05-15 17:00	73698	162.258932	83.30713	34.638794	14.551796
16-05-15 18:00	70712	165.553131	81.077047	35.93626	15.57451
16-05-15 19:00	64545	154.112272	80.725914	35.27266	15.143645
16-05-15 20:00	44764	159.15482	103.277359	35.070709	14.118495
16-05-15 21:00	33085	143.595422	91.856656	32.901717	12.920448
16-05-15 22:00	24798	145.975214	90.779512	34.618235	14.088462
16-05-15 23:00	14132	143.315489	85.509118	35.520103	14.843574
16-05-16 00:00	11363	167.873827	74.372324	45.169081	21.67769
16-05-16 01:00	6114	134.272989	73.234039	34.856562	15.601524
16-05-16 02:00	4936	136.692259	77.801343	33.995595	14.706104
16-05-16 03:00	18648	142.01383	102.313319	33.832537	4.090591
16-05-16 04:00	35964	136.310097	92.247991	33.973758	4.626646
16-05-16 05:00	56462	166.436741	90.071683	37.016957	11.113654
16-05-16 06:00	100668	151.283714	75.892313	37.082794	13.288862
16-05-16 07:00	143771	159.897826	77.146617	37.411579	15.065561
16-05-16 08:00	161778	186.470866	100.49247	40.529179	17.243072
16-05-16 09:00	137957	199.39546	104.245507	41.363626	19.959311
16-05-16 10:00	127128	169.468193	72.647023	41.801965	20.046129
16-05-16 11:00	131828	193.230358	95.094943	41.921968	19.532067
16-05-16 12:00	120885	166.453131	72.001021	41.522355	19.67507
16-05-16 13:00	118058	175.789131	77.778301	41.522434	19.529703
16-05-16 14:00	129952	168.569783	73.455665	41.823603	19.539383
16-05-16 15:00	131358	172.679597	80.233219	40.488338	18.404284
16-05-16 16:00	140628	166.039106	74.27371	38.90722	18.162204
16-05-16 17:00	121770	176.734948	82.407344	37.736918	16.63827
16-05-16 18:00	107686	159.64111	80.175587	36.542098	15.678616
16-05-16 19:00	81354	162.172527	89.783451	35.895761	15.18895
16-05-16 20:00	55544	166.757002	110.585249	36.360699	14.129263
16-05-16 21:00	39536	153.360508	97.636311	35.043062	14.47839
16-05-16 22:00	21523	154.05511	94.666393	35.033134	14.675522
16-05-16 23:00	11442	144.80318	89.016447	33.173557	13.494321
16-05-17 00:00	9973	180.697706	76.760792	47.767466	23.236288
16-05-17 01:00	5283	136.154361	74.905296	35.256743	16.088994
16-05-17 02:00	5571	161.678992	86.152568	45.921195	18.744538
16-05-17 03:00	16880	169.881581	128.716743	35.362409	5.169215
16-05-17 04:00	38859	137.446459	97.242393	34.085869	4.813665
16-05-17 05:00	76541	162.073184	88.087641	38.232772	12.287581
16-05-17 06:00	266271	152.2734	53.813702	43.17025	20.546503
16-05-17 07:00	416491	179.270107	60.851175	45.736439	25.398926
16-05-17 08:00	478117	182.445092	58.704666	49.13637	30.839352
16-05-17 09:00	568406	183.48417	58.164159	49.381826	31.161131
16-05-17 10:00	529250	166.413592	49.546328	48.521444	28.470846
16-05-17 11:00	502834	174.83367	57.980869	47.748171	27.282119
16-05-17 12:00	500900	165.724631	49.16885	47.849194	27.772568
16-05-17 13:00	472565	173.729544	54.900112	48.349067	26.784323
16-05-17 14:00	507839	168.387611	50.440371	47.762433	26.372508
16-05-17 15:00	496299	177.22978	57.629929	46.558146	25.471123
16-05-17 16:00	419635	162.596006	53.769499	44.000761	22.729189
16-05-17 17:00	361427	161.237397	56.616873	42.322119	20.945677
16-05-17 18:00	147837	166.300019	77.895793	39.808035	18.10624
16-05-17 19:00	103633	162.741703	87.368021	37.785899	16.661318
16-05-17 20:00	66872	165.171137	106.560855	38.143629	15.175539
16-05-17 21:00	43079	151.524433	95.904038	35.866904	14.73199
16-05-17 22:00	23096	154.852001	94.322858	36.833688	15.424101
16-05-17 23:00	12163	157.45371	91.292683	38.93035	16.261594
16-05-18 00:00	9710	178.3017	75.029051	49.014956	25.150312
16-05-18 01:00	5606	156.447158	82.717428	41.356757	18.212675
16-05-18 02:00	5533	157.569324	88.234039	44.67057	18.381753
16-05-18 03:00	18182	164.471742	122.515955	35.241131	5.803082
16-05-18 04:00	35556	145.585838	100.713109	36.333235	5.870523
16-05-18 05:00	80281	169.788878	88.011867	39.636128	11.502254
16-05-18 06:00	231032	162.057762	62.785622	44.169397	21.022198
16-05-18 07:00	380605	177.564855	65.479041	46.010992	22.877295
16-05-18 08:00	442976	187.781166	72.134823	48.32206	25.407612
16-05-18 09:00	536224	179.046954	63.896342	48.552489	25.221901
16-05-18 10:00	467657	176.1095	63.424222	47.721417	24.805712
16-05-18 11:00	474300	179.160315	67.722511	46.948398	23.80377
16-05-18 12:00	450419	174.624208	62.010827	47.721848	24.832123
16-05-18 13:00	443832	170.408052	56.694223	48.257774	25.045478
16-05-18 14:00	479555	166.543804	52.550401	47.976787	25.484341
16-05-18 15:00	465798	168.529294	54.741583	46.292035	23.664053
16-05-18 16:00	402798	162.283117	53.650628	44.101813	21.794926
16-05-18 17:00	357205	161.677531	60.234747	42.658671	19.729289
16-05-18 18:00	173210	167.679355	83.843464	41.082475	16.262302
16-05-18 19:00	127255	163.942023	85.989955	39.975403	15.407793
16-05-18 20:00	63309	161.44008	101.050692	38.323106	15.242827
16-05-18 21:00	40717	153.928097	94.832724	38.104029	15.62129
16-05-18 22:00	21608	151.655305	91.045351	36.851129	15.118427
16-05-18 23:00	11677	148.522915	87.476815	36.594357	15.209561
16-05-19 00:00	10088	174.393987	72.072305	48.697253	24.23429
16-05-19 01:00	5264	140.779462	80.623928	34.774277	14.726022
16-05-19 02:00	5821	167.303571	88.132395	48.267677	19.705988
16-05-19 03:00	23018	126.602336	86.237476	35.540058	4.500274
16-05-19 04:00	43653	126.524507	85.131307	34.543541	4.663635
16-05-19 05:00	66195	198.89098	104.294396	40.827353	15.514625
16-05-19 06:00	221915	155.06954	54.777107	43.366007	21.375208
16-05-19 07:00	383867	169.503324	59.67221	45.26108	23.235927
16-05-19 08:00	451268	175.542679	61.207035	48.187491	25.726061
16-05-19 09:00	489976	187.421752	65.337395	48.711669	28.400877
16-05-19 10:00	442065	188.537096	64.884943	47.73717	28.978188
16-05-19 11:00	432587	191.438678	70.431328	47.880386	27.529502
16-05-19 12:00	412016	190.200012	66.510191	48.216961	28.61338
16-05-19 13:00	380805	194.849105	67.770766	49.043961	29.456213
16-05-19 14:00	431907	170.144346	52.53066	48.175379	27.452895
16-05-19 15:00	444889	192.149073	64.035461	47.22094	28.689058
16-05-19 16:00	387016	172.649773	62.464744	44.157668	23.197959
16-05-19 17:00	307737	167.534488	60.719228	42.531432	21.370343
16-05-19 18:00	140061	167.388918	79.235497	39.349553	18.262845
16-05-19 19:00	102706	159.165826	82.8188	37.040021	16.185015
16-05-19 20:00	62133	162.181948	103.860835	36.979669	15.089685
16-05-19 21:00	41859	154.519712	98.188032	34.569156	14.207165
16-05-19 22:00	24226	168.310507	104.779073	35.417751	15.339265
16-05-19 23:00	12037	148.282774	85.960942	37.082757	16.295472
16-05-20 00:00	10166	183.176416	78.802116	48.381767	24.065235
16-05-20 01:00	5632	152.844037	86.300693	35.183112	16.260813
16-05-20 02:00	6512	144.66116	80.48024	35.604632	15.784095
16-05-20 03:00	19614	170.394901	119.412651	35.826485	7.861015
16-05-20 04:00	43091	143.497221	98.526189	33.560717	6.183216
16-05-20 05:00	81340	183.755342	101.368245	36.682488	13.461821
16-05-20 06:00	254934	151.400659	56.159763	41.327075	19.361745
16-05-20 07:00	379044	164.626701	59.411972	43.895168	21.154073
16-05-20 08:00	452685	178.750146	65.469785	47.44956	25.712274
16-05-20 09:00	489703	182.779362	65.781692	47.812183	26.26265
16-05-20 10:00	427170	181.726875	64.460642	47.70398	25.98142
16-05-20 11:00	405800	194.557648	77.149551	47.75165	25.642559
16-05-20 12:00	416552	187.405067	68.961397	47.508953	27.444926
16-05-20 13:00	401968	192.895399	71.584682	47.192118	27.192631
16-05-20 14:00	430150	173.281586	56.593322	46.776552	25.383307
16-05-20 15:00	409546	190.513657	65.670661	45.731464	26.242459
16-05-20 16:00	355449	171.731879	59.74478	43.190017	23.46821
16-05-20 17:00	301292	157.185388	56.990931	41.482135	19.112218
16-05-20 18:00	132064	157.315674	79.819475	38.67452	14.058898
16-05-20 19:00	79132	155.758518	81.361888	36.856807	14.957235
16-05-20 20:00	52960	151.527439	93.892801	36.208082	14.878013
16-05-20 21:00	39205	151.500689	95.099905	35.145295	14.239773
16-05-20 22:00	24628	174.39448	113.638451	37.842913	14.973862
16-05-20 23:00	13363	153.799192	93.599572	36.715429	15.429987
16-05-21 00:00	11797	170.220417	75.935356	46.311007	23.150207
16-05-21 01:00	5985	147.428142	80.279469	37.026726	17.222478
16-05-21 02:00	5366	132.302468	75.594669	32.266338	13.760908
16-05-21 03:00	21799	126.021926	84.88225	35.589285	4.468666
16-05-21 04:00	38391	125.217433	84.674444	34.579988	4.598929
16-05-21 05:00	50707	160.020009	93.458204	35.404115	8.940244
16-05-21 06:00	165711	142.770722	59.598715	38.657106	16.3963
16-05-21 07:00	265168	154.011015	59.158433	39.322802	18.382606
16-05-21 08:00	343728	160.519609	64.382569	41.454087	20.302668
16-05-21 09:00	384724	158.156051	61.197178	41.585627	20.164396
16-05-21 10:00	356157	156.869095	59.739722	41.79878	20.087022
16-05-21 11:00	314119	172.195737	71.169969	42.359891	20.415739
16-05-21 12:00	285997	161.951403	59.505167	41.946571	21.792095
16-05-21 13:00	298207	155.10293	51.711245	41.550082	21.40493
16-05-21 14:00	281600	146.310709	44.150339	41.069886	20.894913
16-05-21 15:00	284042	166.784312	58.120164	42.192667	21.998037
16-05-21 16:00	240888	150.999374	49.268131	41.254979	20.643724
16-05-21 17:00	181631	154.642031	53.501559	41.185765	19.631518
16-05-21 18:00	73356	153.928458	71.952841	36.983831	16.421329
16-05-21 19:00	58567	155.133621	78.510618	36.83418	15.978111
16-05-21 20:00	43122	181.052935	118.933184	39.138736	15.087206
16-05-21 21:00	38023	108.37134	65.607434	23.713511	9.690662
16-05-21 22:00	23836	211.165097	130.250547	47.325778	22.177011
16-05-21 23:00	13611	178.751465	108.239781	43.132474	18.274873
16-05-22 00:00	11616	187.39531	85.491482	53.456402	24.090951
16-05-22 01:00	5813	150.873879	85.419184	40.322167	16.129416
16-05-22 02:00	5097	143.390269	79.37085	37.515765	15.946753
16-05-22 03:00	9780	302.145967	244.913138	36.663982	8.867095
16-05-22 04:00	25506	187.26864	134.139434	36.494489	5.256784
16-05-22 05:00	49189	181.627406	121.077121	37.191331	4.795245
16-05-22 06:00	55646	167.528082	111.551991	36.852986	9.987634
16-05-22 07:00	93569	175.928347	109.588994	36.181825	9.265252
16-05-22 08:00	99418	194.311507	131.903899	38.336727	12.28425
16-05-22 09:00	113680	190.366213	126.539114	38.688127	12.308479
16-05-22 10:00	102150	191.638397	126.67538	38.744443	12.717843
16-05-22 11:00	75625	271.605132	193.34785	40.812252	16.474299
16-05-22 12:00	78797	188.448837	105.286706	38.461585	16.84967
16-05-22 13:00	83810	164.062652	90.798236	37.601143	16.019217
16-05-22 14:00	83964	160.682735	89.973891	37.5066	16.117995
16-05-22 15:00	90131	165.170411	93.42304	36.929385	15.776565
16-05-22 16:00	95472	156.596271	87.412929	37.033478	15.865718
16-05-22 17:00	90196	160.346517	90.94361	36.391013	15.136933
16-05-22 18:00	86516	155.419569	88.297095	36.193934	14.975752
16-05-22 19:00	76152	157.121219	89.150189	36.868432	15.296157
16-05-22 20:00	53386	197.108868	135.442615	38.954088	14.495989
16-05-22 21:00	37648	159.221166	101.379203	35.034501	14.787147
16-05-22 22:00	23797	154.658615	94.479797	36.661803	14.998608
16-05-22 23:00	13246	145.112698	87.417473	35.260649	14.592611
16-05-23 00:00	10698	180.013487	76.367732	50.246054	25.042058
16-05-23 01:00	5564	148.657445	82.168492	36.949856	15.96561
16-05-23 02:00	5397	143.91046	82.727219	33.926902	15.009509
16-05-23 03:00	21529	142.490066	100.88635	34.137642	4.692033
16-05-23 04:00	41832	134.694733	93.250141	33.535362	4.892917
16-05-23 05:00	81914	153.009756	82.638736	36.234439	11.353911
16-05-23 06:00	246259	159.948846	64.6182	42.077845	20.859895
16-05-23 07:00	421089	171.527052	64.606995	45.13319	24.046334
16-05-23 08:00	519245	190.50803	72.888754	47.484326	28.458156
16-05-23 09:00	581855	186.64415	71.078063	47.569926	27.992084
16-05-23 10:00	513548	197.488279	72.34881	47.475218	30.81976
16-05-23 11:00	510497	202.310323	76.298631	47.47359	30.502804
16-05-23 12:00	499684	188.569243	65.389938	47.737869	29.940519
16-05-23 13:00	475687	186.590427	65.536135	48.387351	28.162865
16-05-23 14:00	491651	178.720502	62.209505	47.190285	27.360823
16-05-23 15:00	513007	183.207431	61.570858	46.714045	26.686141
16-05-23 16:00	421774	178.395721	63.285673	44.403082	25.766903
16-05-23 17:00	350857	182.25845	57.087785	42.785161	23.62829
16-05-23 18:00	151778	193.719293	95.055556	39.950675	18.206667
16-05-23 19:00	111539	168.232253	91.24061	38.002991	16.400048
16-05-23 20:00	67731	189.87701	127.142773	40.172583	15.862691
16-05-23 21:00	40170	154.101127	96.267349	35.625808	15.198381
16-05-23 22:00	22728	161.09609	97.482104	37.712626	16.277788
16-05-23 23:00	11400	155.295829	88.823745	37.734865	16.283683
16-05-24 00:00	11035	179.561436	77.945617	47.10322	24.456659
16-05-24 01:00	4275	194.958312	102.486439	40.116022	21.558764
16-05-24 02:00	4167	169.65799	83.74201	34.550515	15.995619
16-05-24 03:00	14671	205.598843	140.909943	39.727705	8.355469
16-05-24 04:00	37089	160.500391	110.251644	37.110686	6.155876
16-05-24 05:00	78107	173.601335	91.227709	41.737387	12.305042
16-05-24 06:00	217778	146.727345	56.350298	44.608512	21.877427
16-05-24 07:00	408071	158.339604	60.973362	41.487707	21.607008
16-05-24 08:00	514954	165.992356	60.845258	44.47896	25.447705
16-05-24 09:00	516027	175.767828	63.018727	47.579303	25.795264
16-05-24 10:00	448124	182.689454	63.367103	48.613789	28.292069
16-05-24 11:00	432172	181.996311	62.976511	47.956923	27.162906
16-05-24 12:00	412302	181.511889	61.935422	48.453144	27.272832
16-05-24 13:00	404838	183.526001	63.939153	49.247388	26.932877
16-05-24 14:00	459971	186.254477	62.80028	48.71402	28.225913
16-05-24 15:00	467391	192.984609	67.983904	46.849831	28.169366
16-05-24 16:00	423063	180.27243	61.075482	44.385782	26.760228
16-05-24 17:00	343611	167.848827	58.750994	43.303562	22.479656
16-05-24 18:00	150711	180.656672	94.445808	40.144457	17.058645
16-05-24 19:00	100007	163.947211	84.6773	37.867091	16.896674
16-05-24 20:00	63778	187.599331	126.357483	39.662978	15.003734
16-05-24 21:00	40587	153.747995	97.658532	34.768336	14.257927
16-05-24 22:00	23438	159.502507	96.495792	37.083107	16.29237
16-05-24 23:00	12565	150.084349	90.022996	34.844689	14.727647
16-05-25 00:00	10375	173.598171	74.908014	48.627897	23.076188
16-05-25 01:00	5508	143.297631	78.415704	35.827883	16.17055
16-05-25 02:00	5706	171.435728	90.755388	44.914934	19.463705
16-05-25 03:00	14940	197.383838	149.71669	36.137936	7.481982
16-05-25 04:00	38508	155.139314	108.147553	36.295079	6.132364
16-05-25 05:00	85277	169.097057	92.252478	39.175533	10.590254
16-05-25 06:00	223373	160.191973	63.509096	43.695332	20.722147
16-05-25 07:00	356598	174.391582	67.272016	45.430871	22.649224
16-05-25 08:00	459525	183.303657	71.43014	48.535464	26.358434
16-05-25 09:00	481861	186.5791	70.625222	48.781376	27.048968
16-05-25 10:00	442081	199.629796	76.898415	48.136054	28.424052
16-05-25 11:00	440143	203.011974	81.676137	47.934287	27.822908
16-05-25 12:00	421249	197.918967	79.846538	49.103688	27.14968
16-05-25 13:00	411808	199.313011	76.152253	48.631013	27.190017
16-05-25 14:00	428550	193.942318	70.590535	48.963168	27.8008
16-05-25 15:00	430486	207.552824	73.922079	48.366584	28.067325
16-05-25 16:00	402533	184.320267	63.97679	45.032225	23.699085
16-05-25 17:00	331102	162.257984	51.142623	42.906122	21.794927
16-05-25 18:00	147675	159.617332	77.406341	36.996901	15.349807
16-05-25 19:00	103679	164.628899	82.643585	37.4235	16.231942
16-05-25 20:00	67766	187.729971	123.686031	38.972815	15.240417
16-05-25 21:00	43377	157.244559	96.553784	36.051512	15.664296
16-05-25 22:00	23889	154.324707	94.722386	35.130989	14.779132
16-05-25 23:00	6820	174.168149	61.369165	41.008574	19.707526
16-05-26 00:00	10797	177.912119	73.237059	48.353632	23.341091
16-05-26 01:00	6392	155.331017	86.062712	36.743898	16.987288
16-05-26 02:00	6347	148.218846	86.657904	34.241891	14.278081
16-05-26 03:00	8679	149.254246	91.262737	33.175949	13.638362
16-05-26 04:00	20709	168.191835	99.321434	43.148652	15.532269
16-05-26 05:00	61241	155.048756	76.787023	38.529202	15.506612
16-05-26 06:00	210755	179.701953	62.721613	45.346006	21.457587
16-05-26 07:00	343867	177.179703	67.730486	46.326815	25.689126
16-05-26 08:00	416408	201.57716	80.145609	49.183972	27.949424
16-05-26 09:00	434253	207.068707	82.225441	49.244777	29.883955
16-05-26 10:00	422212	193.115978	73.560078	48.4542	27.041988
16-05-26 11:00	387529	201.25006	81.480784	47.806214	26.663971
16-05-26 12:00	385792	187.173308	65.965791	48.267868	27.147231
16-05-26 13:00	374370	197.331038	68.327804	48.790399	29.398013
16-05-26 14:00	386258	184.840285	63.972674	48.806225	27.570963
16-05-26 15:00	391591	191.241954	65.230226	46.709455	27.144116
16-05-26 16:00	362590	184.9313	63.814858	44.720213	24.809446
16-05-26 17:00	304972	168.557429	58.259336	43.560611	22.475378
16-05-26 18:00	128643	164.210824	74.250234	40.599988	18.594683
16-05-26 19:00	96672	161.271704	82.313679	38.350357	16.874571
16-05-26 20:00	62085	186.38735	123.769061	38.885599	15.706441
16-05-26 21:00	41589	152.591001	95.541611	36.448584	15.136795
16-05-26 22:00	23139	150.642696	91.469355	35.663518	14.921743
16-05-26 23:00	12354	148.223122	89.477503	34.900326	14.660298
16-05-27 00:00	10783	177.221572	75.563213	50.376148	24.615276
16-05-27 01:00	5962	142.609053	80.296039	36.344223	15.783172
16-05-27 02:00	5542	153.525137	80.952867	44.430872	18.691477
16-05-27 03:00	15729	214.297875	166.700118	37.856045	7.911067
16-05-27 04:00	38536	162.511075	117.469345	35.898599	6.876137
16-05-27 05:00	94886	163.865951	91.095166	39.530069	11.523355
16-05-27 06:00	229551	157.882317	61.043041	43.99731	20.949272
16-05-27 07:00	376175	173.035826	67.482582	45.321811	22.296011
16-05-27 08:00	447590	177.205673	68.522041	48.51754	25.643584
16-05-27 09:00	472960	179.957215	67.831984	49.1066	25.754779
16-05-27 10:00	408722	180.642974	65.774588	47.857759	24.862097
16-05-27 11:00	418883	190.17846	75.841242	47.610268	23.95062
16-05-27 12:00	403519	174.810074	60.949296	48.168446	24.777159
16-05-27 13:00	402165	174.520382	59.443353	47.494297	24.373399
16-05-27 14:00	421033	171.207458	55.40889	47.466266	24.879364
16-05-27 15:00	423969	174.91741	58.936347	46.115786	22.867344
16-05-27 16:00	356022	162.633297	56.216635	43.766939	21.059292
16-05-27 17:00	301954	159.901936	59.032628	42.270943	19.326302
16-05-27 18:00	142964	158.636491	83.901167	38.738692	13.006635
16-05-27 19:00	97859	157.222278	86.268133	37.41258	13.246578
16-05-27 20:00	53423	182.816998	122.825317	38.008217	14.641702
16-05-27 21:00	38870	149.394504	94.619798	34.062828	14.073562
16-05-27 22:00	28304	148.836974	92.244462	34.436511	14.299498
16-05-27 23:00	15215	151.431423	90.687922	35.814017	15.405285
16-05-28 00:00	11742	173.689251	76.425035	48.558492	23.4698
16-05-28 01:00	6191	138.660724	81.124625	33.090556	13.799117
16-05-28 02:00	6002	167.843198	89.376798	44.004371	18.517028
16-05-28 03:00	18397	182.057946	131.123024	41.905622	8.946809
16-05-28 04:00	34900	148.421396	104.500893	37.943659	5.636731
16-05-28 05:00	60521	174.219624	104.690391	39.235239	8.952757
16-05-28 06:00	152750	165.058778	69.981658	42.483621	18.454887
16-05-28 07:00	256512	168.687342	70.928221	41.77618	18.224964
16-05-28 08:00	318472	166.884777	65.788462	43.471622	20.727359
16-05-28 09:00	358500	166.979668	63.264209	43.788161	20.699127
16-05-28 10:00	329308	167.498855	65.304578	43.948526	20.869648
16-05-28 11:00	317268	179.314158	77.992531	43.769002	20.17373
16-05-28 12:00	303790	157.628778	55.594616	43.441651	20.562596
16-05-28 13:00	300128	159.730563	54.016106	43.541582	20.71223
16-05-28 14:00	295549	153.066652	52.629078	43.24335	20.65744
16-05-28 15:00	279782	153.567516	54.178648	42.682089	19.764886
16-05-28 16:00	254357	149.34276	54.724786	42.055917	18.890395
16-05-28 17:00	211883	147.943623	56.600132	41.272602	17.940731
16-05-28 18:00	103436	147.695353	76.825719	38.437949	12.942899
16-05-28 19:00	63970	152.752756	79.606531	37.599006	15.774269
16-05-28 20:00	42345	201.330009	138.45734	41.522923	15.568198
16-05-28 21:00	31641	153.324643	96.745874	35.626543	14.741055
16-05-28 22:00	24147	151.080289	91.791939	37.00827	15.639767
16-05-28 23:00	14512	148.442302	88.375227	36.220584	15.017468
16-05-29 00:00	12389	175.236269	76.945517	50.036145	24.86056
16-05-29 01:00	6356	147.644041	83.770294	37.260449	16.782902
16-05-29 02:00	5552	140.298794	75.218509	37.553886	16.004548
16-05-29 03:00	17799	146.972668	100.302937	36.336809	5.123951
16-05-29 04:00	33754	141.571638	93.70027	35.509551	3.924994
16-05-29 05:00	46280	131.917511	88.190899	35.318655	5.023833
16-05-29 06:00	66097	136.74045	83.460917	34.908934	8.463544
16-05-29 07:00	91157	142.054107	87.937031	33.247293	10.294818
16-05-29 08:00	114358	177.805244	116.887704	36.473154	11.835243
16-05-29 09:00	115142	180.249694	117.200884	37.215436	13.003657
16-05-29 10:00	107802	149.402987	86.152941	37.416879	12.56372
16-05-29 11:00	77169	235.712571	126.351519	41.736685	15.371072
16-05-29 12:00	83047	189.614784	120.691568	37.982158	15.110374
16-05-29 13:00	102094	179.055681	113.396375	37.857817	13.184922
16-05-29 14:00	112065	152.332273	89.543023	37.91583	12.873214
16-05-29 15:00	123062	154.081162	89.641047	36.943004	12.365732
16-05-29 16:00	126567	148.569378	87.803962	36.738115	12.40513
16-05-29 17:00	118443	146.539692	87.174878	36.804923	12.549945
16-05-29 18:00	113425	146.027999	88.051766	35.815285	11.672239
16-05-29 19:00	83824	154.991788	90.594269	36.761139	15.292917
16-05-29 20:00	60668	187.463857	129.261308	38.895793	14.52543
16-05-29 21:00	42010	152.996984	98.97713	35.039104	13.896876
16-05-29 22:00	26250	148.905546	91.27312	35.458671	14.556064
16-05-29 23:00	13900	154.030051	90.795116	37.448145	16.229305
16-05-30 00:00	10971	173.81049	75.450261	49.053859	23.46865
16-05-30 01:00	5954	145.478889	81.149815	34.558519	14.987222
16-05-30 02:00	6152	137.105395	79.219215	32.357412	13.806955
16-05-30 03:00	23203	144.53154	103.393497	34.613538	4.507772
16-05-30 04:00	45214	139.30233	93.727656	34.586556	5.966378
16-05-30 05:00	86498	156.937979	83.276313	37.624584	12.525659
16-05-30 06:00	248091	157.19781	62.161048	42.921384	21.490912
16-05-30 07:00	454120	170.523985	63.710393	45.076076	24.878114
16-05-30 08:00	577754	182.423102	69.984696	47.467542	27.620357
16-05-30 09:00	636516	188.158836	68.723326	47.911226	27.36488
16-05-30 10:00	567238	177.711067	63.891353	47.250743	25.892013
16-05-30 11:00	541677	178.739088	70.699508	46.971857	24.560853
16-05-30 12:00	513804	174.917493	63.076533	47.473885	25.408682
16-05-30 13:00	545988	167.191426	56.53841	46.99626	24.660258
16-05-30 14:00	539716	165.56242	53.487516	47.015424	24.728773
16-05-30 15:00	562674	166.329498	53.241838	44.753127	22.822727
16-05-30 16:00	462695	158.927045	59.25701	42.582573	20.871642
16-05-30 17:00	394500	158.404851	62.009642	41.988973	19.480732
16-05-30 18:00	195314	156.702993	84.388318	38.914924	14.001223
16-05-30 19:00	135648	159.574234	91.234771	37.761005	14.183526
16-05-30 20:00	78210	184.892982	124.592765	38.739875	15.146911
16-05-30 21:00	52370	150.863246	96.985822	34.81133	14.113722
16-05-30 22:00	28048	156.544945	96.648291	37.277089	15.718886
16-05-30 23:00	14368	150.466487	90.967026	35.602157	14.805316
16-05-31 00:00	12296	175.834594	79.290924	47.865748	23.732127
16-05-31 01:00	6674	150.042476	88.183508	34.420607	14.323212
16-05-31 02:00	6471	141.513606	84.322608	32.33339	13.506247
16-05-31 03:00	22711	147.870299	105.69899	34.320667	4.684015
16-05-31 04:00	44907	137.071774	94.038835	33.77999	5.480188
16-05-31 05:00	85553	159.033031	87.849236	36.673316	11.396516
16-05-31 06:00	236534	156.12341	62.902723	41.694562	20.008477
16-05-31 07:00	425516	167.049373	65.902903	44.414145	22.479217
16-05-31 08:00	484638	175.204162	64.958571	49.128081	26.55307
16-05-31 09:00	588234	169.960007	63.624785	46.783186	25.451916
16-05-31 10:00	553669	172.886564	67.886494	46.706962	24.485637
16-05-31 11:00	526241	172.069148	68.324057	45.438748	23.989708
16-05-31 12:00	509739	166.869244	60.743436	46.863197	25.647546
16-05-31 13:00	483043	173.507484	62.704887	47.679184	26.145724
16-05-31 14:00	503329	171.471518	58.758525	47.871216	26.460913
16-05-31 15:00	521983	166.320288	59.313086	46.271314	24.726093
16-05-31 16:00	461465	159.738855	58.711181	43.826721	22.665154
16-05-31 17:00	373520	162.50073	60.138864	42.199035	21.094174
16-05-31 18:00	170693	161.700782	81.736625	38.130256	16.828044
16-05-31 19:00	129307	155.39547	89.279505	35.503866	15.073642
16-05-31 20:00	84971	172.652456	118.823338	36.352971	13.50956
16-05-31 21:00	55407	147.645124	95.154993	34.589602	14.117964
16-05-31 22:00	29703	149.2946	91.436473	35.229258	14.710939
16-05-31 23:00	14660	150.826634	91.152586	35.210981	14.984377
16-06-01 00:00	12350	169.02728	75.456649	47.104259	23.224723
16-06-01 01:00	7023	138.735234	79.055582	33.664925	14.726049
16-06-01 02:00	7200	139.816468	83.484319	33.16283	14.015449
16-06-01 03:00	10579	135.037754	85.541908	29.972027	12.212851
16-06-01 04:00	23503	140.146631	91.41802	29.549453	11.239146
16-06-01 05:00	62555	171.035869	79.08793	35.1628	14.747598
16-06-01 06:00	216950	155.182673	59.57385	40.634058	20.445813
16-06-01 07:00	383169	162.596712	62.656763	43.685109	22.932549
16-06-01 08:00	473559	176.389323	70.860205	47.389295	26.448352
16-06-01 09:00	525666	183.317266	67.399703	50.814755	28.178783
16-06-01 10:00	472017	176.85275	64.992233	49.264773	27.607211
16-06-01 11:00	504204	175.954646	70.730141	45.609055	25.212182
16-06-01 12:00	487080	165.833264	56.189911	48.101828	26.50357
16-06-01 13:00	480878	157.482067	51.525258	45.18034	24.94411
16-06-01 14:00	485963	166.524516	54.072518	48.552523	27.002218
16-06-01 15:00	481529	169.984766	58.105966	47.129571	24.98183
16-06-01 16:00	417776	164.999154	62.555795	44.625113	23.305443
16-06-01 17:00	348771	160.119746	61.189247	43.460988	21.25183
16-06-01 18:00	154135	184.787246	103.2832	39.73378	17.604854
16-06-01 19:00	122205	189.543877	118.754006	38.019831	16.291884
16-06-01 20:00	78980	203.335321	143.088695	40.478388	15.658193
16-06-01 21:00	48655	151.447786	96.26162	34.840812	14.596742
16-06-01 22:00	28586	150.74381	92.507889	34.644927	14.606459
16-06-01 23:00	15771	150.807363	90.108389	35.299115	15.207646
16-06-02 00:00	12595	169.198439	75.93412	46.05196	22.131761
16-06-02 01:00	6933	144.716771	84.410182	35.975673	16.04076
16-06-02 02:00	7240	143.856967	84.883969	33.351643	14.367536
16-06-02 03:00	9858	136.263289	86.088405	30.194718	12.158903
16-06-02 04:00	24219	157.861105	91.071755	40.412302	15.797425
16-06-02 05:00	63990	197.051444	110.318724	40.094188	15.321082
16-06-02 06:00	215629	156.323128	61.533932	43.032991	21.463496
16-06-02 07:00	379589	159.951335	61.718009	43.159033	22.024895
16-06-02 08:00	426247	175.974174	65.55739	46.064496	25.595028
16-06-02 09:00	502391	185.054987	67.099513	48.715024	26.091375
16-06-02 10:00	448821	178.697056	68.827561	47.404656	25.540775
16-06-02 11:00	442025	181.15859	71.277058	46.853698	24.831924
16-06-02 12:00	423378	172.796583	65.829643	46.719063	25.268391
16-06-02 13:00	422543	177.043571	68.478675	47.33689	25.395642
16-06-02 14:00	464889	169.970556	61.152745	46.793725	25.401038
16-06-02 15:00	454658	175.958898	66.105079	45.632987	24.047882
16-06-02 16:00	393312	173.99277	70.157199	44.509508	22.505578
16-06-02 17:00	325690	169.610718	69.498086	42.218578	20.923049
16-06-02 18:00	143191	186.078135	104.139143	38.119801	17.087251
16-06-02 19:00	107833	193.442034	123.236054	35.809058	15.394199
16-06-02 20:00	69526	240.411362	183.494721	38.189431	14.294134
16-06-02 21:00	44035	240.386386	186.111781	34.860445	14.311237
16-06-02 22:00	26402	306.127527	248.068329	35.617335	14.693817
16-06-02 23:00	14242	431.106999	369.686009	36.693331	15.52673
16-06-03 00:00	12510	492.379326	393.29272	47.959925	24.663798
16-06-03 01:00	6798	742.272607	676.828218	37.857591	16.688284
16-06-03 02:00	6644	739.154677	685.921142	32.46589	14.04306
16-06-03 03:00	9610	553.364666	500.770201	31.089327	12.006539
16-06-03 04:00	20018	336.914214	288.707597	28.978077	10.951332
16-06-03 05:00	59516	265.745874	178.066564	36.10855	14.55171
16-06-03 06:00	165255	217.581926	94.559206	40.816737	20.870514
16-06-03 07:00	249206	171.433548	83.650418	41.049601	22.39984
16-06-03 08:00	287583	197.476923	99.63911	46.507017	25.415948
16-06-03 09:00	296292	210.228148	103.154918	48.617879	25.197539
16-06-03 10:00	282105	179.164733	78.232235	47.158974	25.939476
16-06-03 11:00	335918	182.07279	79.316363	46.257001	24.810861
16-06-03 12:00	488292	170.274663	60.905919	47.080069	26.085923
16-06-03 13:00	464383	176.642098	64.592642	47.34958	26.220478
16-06-03 14:00	468936	172.206661	60.909187	46.769616	26.015183
16-06-03 15:00	416369	183.374483	68.64589	45.459804	24.127585
16-06-03 16:00	359708	173.84134	71.386703	43.120879	22.124901
16-06-03 17:00	292299	173.373267	71.299205	41.891634	20.805983
16-06-03 18:00	124405	189.015647	102.166132	38.558026	17.795302
16-06-03 19:00	91050	201.059625	126.161424	35.343279	15.517076
16-06-03 20:00	60681	247.599406	190.316973	36.480022	13.772677
16-06-03 21:00	41356	246.130911	190.327698	34.282646	14.776371
16-06-03 22:00	28410	292.959336	237.624906	34.341366	14.396496
16-06-03 23:00	17194	379.749214	321.51513	35.25524	14.715483
16-06-04 00:00	12961	423.095855	328.874598	48.332841	25.483619
16-06-04 01:00	6672	604.19686	513.999831	64.526085	26.608475
16-06-04 02:00	6391	730.928244	661.997179	44.983251	19.044252
16-06-04 03:00	7725	612.649161	552.079066	40.13771	16.767761
16-06-04 04:00	14212	392.508129	327.441748	40.54707	15.962566
16-06-04 05:00	38121	299.077453	213.219702	42.097918	16.137517
16-06-04 06:00	152131	172.546325	74.748977	45.10239	22.417756
16-06-04 07:00	279735	145.692391	59.034717	39.331158	18.851175
16-06-04 08:00	381560	145.932121	59.680982	38.984979	19.056228
16-06-04 09:00	442359	148.519925	59.025167	40.313775	19.572017
16-06-04 10:00	415188	138.424614	54.120978	39.664626	19.476382
16-06-04 11:00	408052	138.6053	51.3046	37.826619	17.59929
16-06-04 12:00	398943	132.223919	48.274238	38.526381	18.651084
16-06-04 13:00	350377	147.542194	54.406157	41.268699	20.052233
16-06-04 14:00	360703	138.180025	48.75563	39.669853	19.310873
16-06-04 15:00	343927	153.557188	58.957662	40.686384	19.083025
16-06-04 16:00	296217	139.160488	55.407368	37.973951	17.43349
16-06-04 17:00	240264	142.388741	58.065983	37.588754	16.986335
16-06-04 18:00	135854	136.358994	77.422475	30.482828	11.446746
16-06-04 19:00	118356	127.753347	79.203396	26.618638	9.679112
16-06-04 20:00	85773	162.691812	120.39704	28.94171	9.152097
16-06-04 21:00	39362	207.566176	154.365723	33.74394	13.908577
16-06-04 22:00	27383	249.153452	194.095928	34.46746	14.441526
16-06-04 23:00	16769	342.660147	285.885344	35.209348	14.541849
16-06-05 00:00	14443	420.72948	327.615367	48.677083	23.251331
16-06-05 01:00	7323	617.211185	558.719296	35.145991	14.902827
16-06-05 02:00	7088	654.408206	576.98212	42.838282	19.462963
16-06-05 03:00	6958	694.774886	618.072056	44.146389	20.078887
16-06-05 04:00	11679	471.346579	390.413258	40.851134	17.591684
16-06-05 05:00	24302	388.739856	304.233263	40.519497	13.108456
16-06-05 06:00	47286	201.818502	140.790172	36.237727	14.48726
16-06-05 07:00	92681	182.338808	108.975034	32.571434	11.438489
16-06-05 08:00	89325	203.211099	138.020062	37.833718	14.813377
16-06-05 09:00	91357	165.019793	96.764985	37.580073	15.557762
16-06-05 10:00	82836	169.058536	97.837825	37.662818	15.887633
16-06-05 11:00	76633	146.032597	73.535954	37.919455	15.278744
16-06-05 12:00	74873	170.778165	99.990129	37.154567	15.857591
16-06-05 13:00	75334	177.772801	106.363283	37.509963	15.996885
16-06-05 14:00	74506	172.401845	97.575645	37.324937	16.183541
16-06-05 15:00	87179	183.077227	109.146297	37.499675	15.462882
16-06-05 16:00	92763	162.14868	92.473726	36.670417	15.735744
16-06-05 17:00	92165	165.475835	96.17061	36.958009	15.491198
16-06-05 18:00	87414	162.057341	95.915489	35.77326	15.183718
16-06-05 19:00	78369	160.955364	94.596947	35.634008	15.197689
16-06-05 20:00	58642	202.774943	143.734833	38.24066	14.836018
16-06-05 21:00	42527	196.670787	142.874333	34.190437	14.15888
16-06-05 22:00	27137	234.886346	181.135582	33.822656	13.804494
16-06-05 23:00	14436	379.891975	323.455468	33.891975	13.811487
16-06-06 00:00	12358	483.807979	373.777277	53.114349	25.806692
16-06-06 01:00	7427	676.82056	599.8175	46.863852	19.218143
16-06-06 02:00	7301	316.651673	231.388327	50.329339	22.399533
16-06-06 03:00	8607	560.630794	506.809323	36.385316	14.68084
16-06-06 04:00	19642	263.509289	210.64344	32.987152	12.344869
16-06-06 05:00	58794	150.852775	68.750687	40.715394	17.372172
16-06-06 06:00	242962	142.700374	43.239696	45.669539	23.645481
16-06-06 07:00	428359	162.324391	49.711993	48.341783	27.992074
16-06-06 08:00	525719	195.883795	69.379926	51.412696	30.798349
16-06-06 09:00	607404	202.49204	70.480355	52.524353	31.831139
16-06-06 10:00	514009	185.976149	64.541268	51.807303	28.49961
16-06-06 11:00	537074	189.128783	67.831758	50.759727	27.185234
16-06-06 12:00	540557	188.596742	69.670978	52.631967	28.435852
16-06-06 13:00	519359	186.479341	65.767323	52.638064	29.259723
16-06-06 14:00	520797	182.478511	61.937114	51.853219	28.746058
16-06-06 15:00	527085	183.911032	64.293844	50.571518	27.005824
16-06-06 16:00	454372	167.736353	59.206636	47.573097	24.484864
16-06-06 17:00	361743	163.480078	60.794766	45.524165	22.450322
16-06-06 18:00	156464	165.723062	77.170665	41.44308	18.692195
16-06-06 19:00	113836	162.7379	85.863268	38.535625	16.918097
16-06-06 20:00	71145	204.603048	144.134887	39.489521	15.133637
16-06-06 21:00	47085	196.450237	141.06543	35.706388	15.046615
16-06-06 22:00	28756	249.753173	193.352276	34.987944	15.125278
16-06-06 23:00	17518	337.06589	276.847321	35.484602	14.803828
16-06-07 00:00	13230	442.266943	343.547336	49.609847	25.540352
16-06-07 01:00	8091	606.613649	545.272561	35.555838	15.533841
16-06-07 02:00	7802	623.530496	562.305251	34.840573	15.165131
16-06-07 03:00	8771	522.580091	470.718282	31.601692	12.321405
16-06-07 04:00	22026	284.5184	231.229709	30.894112	12.200321
16-06-07 05:00	64875	178.021014	83.174941	38.322111	14.956493
16-06-07 06:00	237406	159.653644	59.629784	44.40306	22.424365
16-06-07 07:00	375532	169.503686	58.518261	47.723317	25.058176
16-06-07 08:00	473387	185.366565	66.475576	51.981423	29.066195
16-06-07 09:00	536379	191.187249	69.770223	53.156238	29.970495
16-06-07 10:00	489798	182.740513	62.796094	52.223533	29.142281
16-06-07 11:00	470503	179.232398	58.617048	51.603106	28.353919
16-06-07 12:00	469793	209.485692	70.798696	51.383705	36.728125
16-06-07 13:00	457523	252.622375	87.773528	51.574602	47.261202
16-06-07 14:00	486792	181.169954	61.372585	50.020756	28.189702
16-06-07 15:00	483335	185.623381	66.700322	49.607693	26.062648
16-06-07 16:00	433465	173.564852	64.39318	46.138194	23.765871
16-06-07 17:00	356372	169.348783	65.926729	44.256351	22.038878
16-06-07 18:00	152077	160.920407	74.615157	39.585109	18.073934
16-06-07 19:00	103104	168.280898	90.042052	37.489282	17.321695
16-06-07 20:00	67615	201.489173	141.851091	38.750097	15.282613
16-06-07 21:00	46061	202.240802	144.889455	35.61927	15.803843
16-06-07 22:00	28363	254.275851	195.250575	36.811564	16.286753
16-06-07 23:00	15207	351.788958	292.565414	36.992694	16.981698
16-06-08 00:00	14536	428.830877	334.83135	49.654819	25.431318
16-06-08 01:00	9088	559.51412	495.062658	39.882501	19.365986
16-06-08 02:00	8848	562.780469	502.210854	38.240901	19.037819
16-06-08 03:00	10718	453.821089	399.544327	35.614159	16.704951
16-06-08 04:00	21984	288.125306	230.366168	33.148511	12.929447
16-06-08 05:00	66275	222.090897	135.862963	38.562195	15.713851
16-06-08 06:00	226409	161.625953	60.539551	44.011457	22.8395
16-06-08 07:00	366950	165.553891	59.979432	47.218372	25.250136
16-06-08 08:00	477410	197.091988	67.97276	50.117238	33.060596
16-06-08 09:00	527168	230.647713	71.757612	53.346234	54.592607
16-06-08 10:00	479951	166.785657	51.668413	49.528559	27.719113
16-06-08 11:00	493023	187.476703	65.397585	50.127476	30.971188
16-06-08 12:00	493486	221.870655	75.296844	52.632825	40.657556
16-06-08 13:00	442789	192.563954	68.375715	50.156784	27.503065
16-06-08 14:00	476225	180.186958	62.656253	50.013888	27.964612
16-06-08 15:00	477097	178.8582	63.00593	48.918897	26.511832
16-06-08 16:00	426342	164.775038	57.534496	45.869635	23.98477
16-06-08 17:00	330926	158.546083	55.072181	43.77051	22.329805
16-06-08 18:00	153908	170.50644	76.432437	39.57096	18.003898
16-06-08 19:00	110912	170.108927	88.359756	37.116461	16.625912
16-06-08 20:00	71681	200.543278	138.717784	36.984588	14.348981
16-06-08 21:00	51907	195.091151	134.65427	34.685347	14.949828
16-06-08 22:00	31927	255.608075	187.379822	34.142204	14.805605
16-06-08 23:00	17732	355.315885	282.893883	41.220471	18.057923
16-06-09 00:00	14124	443.8187	338.043411	61.882554	30.200847
16-06-09 01:00	8303	611.917556	544.607593	40.656367	17.450741
16-06-09 02:00	9395	551.901151	483.183244	41.167565	18.684836
16-06-09 03:00	10204	491.522107	442.197834	32.342206	12.796413
16-06-09 04:00	23857	263.045406	207.259168	34.547481	13.41242
16-06-09 05:00	67254	247.822105	138.04328	41.419904	15.635993
16-06-09 06:00	233318	173.358621	77.519812	44.387663	21.619094
16-06-09 07:00	407191	164.318721	67.061076	44.632132	22.80572
16-06-09 08:00	495889	164.103471	59.643516	46.210788	24.791779
16-06-09 09:00	565904	159.502192	53.743244	46.832445	25.065851
16-06-09 10:00	496358	157.894063	50.455222	47.32116	25.8687
16-06-09 11:00	499474	169.367212	59.663659	46.988148	24.97358
16-06-09 12:00	514947	162.652737	57.711077	46.054227	24.198646
16-06-09 13:00	461899	170.26013	61.95193	46.865826	24.64892
16-06-09 14:00	477563	167.828468	58.011236	47.625852	25.601401
16-06-09 15:00	466576	184.59476	67.457981	48.954715	24.540061
16-06-09 16:00	438464	167.773361	67.252113	43.559455	21.553091
16-06-09 17:00	352056	169.396951	65.696737	42.085974	20.086914
16-06-09 18:00	175683	162.29478	74.75302	34.969574	14.624754
16-06-09 19:00	145219	139.671987	77.700154	30.599811	12.212172
16-06-09 20:00	99886	164.034163	120.069111	30.254429	10.026281
16-06-09 21:00	80661	147.962511	110.647615	25.973977	8.316815
16-06-09 22:00	74150	127.38442	97.942268	19.89712	5.547087
16-06-09 23:00	49775	175.332049	145.031581	21.300654	5.66505
16-06-10 00:00	13622	458.061398	358.671981	48.892469	24.149932
16-06-10 01:00	8212	606.173326	544.298959	36.188239	16.100169
16-06-10 02:00	7942	618.743926	556.788739	35.194384	15.198312
16-06-10 03:00	10112	507.977369	450.059435	33.035204	13.555149
16-06-10 04:00	21729	290.298558	235.165558	32.117838	13.185083
16-06-10 05:00	62040	239.252968	154.176522	37.36827	15.220485
16-06-10 06:00	208116	168.739872	70.69702	42.903633	21.622846
16-06-10 07:00	373144	157.625931	57.129638	44.965604	23.697085
16-06-10 08:00	458917	183.440906	71.000166	49.643884	26.659507
16-06-10 09:00	508567	185.104073	67.168506	51.282773	28.392957
16-06-10 10:00	457709	175.984456	60.81873	50.398339	27.469745
16-06-10 11:00	475361	186.10182	68.996584	50.248605	26.888141
16-06-10 12:00	481238	186.879575	69.952776	50.713534	27.51217
16-06-10 13:00	450378	195.762372	78.556555	50.782984	27.172167
16-06-10 14:00	477487	191.305708	72.625523	50.696528	27.775221
16-06-10 15:00	427256	192.075325	73.99579	48.951778	25.348347
16-06-10 16:00	371286	168.00814	62.33138	45.499527	23.173208
16-06-10 17:00	292149	163.474899	60.117141	45.265648	22.078174
16-06-10 18:00	123500	180.707317	88.398467	41.229695	18.57832
16-06-10 19:00	82037	178.273173	98.291977	38.510659	17.137533
16-06-10 20:00	53114	220.461152	159.58313	38.81065	15.267962
16-06-10 21:00	44131	193.721548	139.910598	34.363257	14.334095
16-06-10 22:00	29740	245.65454	188.478808	34.469646	14.562093
16-06-10 23:00	17560	332.402748	272.211413	36.587015	16.042005
16-06-11 00:00	16018	398.15374	305.083351	46.740025	22.920776
16-06-11 01:00	9008	511.071088	448.940631	35.739214	15.929684
16-06-11 02:00	7843	634.975736	572.527297	34.707501	14.946886
16-06-11 03:00	8229	601.567762	546.126357	32.030743	13.610633
16-06-11 04:00	14657	383.406114	326.508514	33.027956	13.883187
16-06-11 05:00	38503	381.332861	217.404113	44.784043	13.588138
16-06-11 06:00	155431	184.604375	91.123216	40.294694	19.461376
16-06-11 07:00	265799	181.036179	82.767103	41.314287	19.975077
16-06-11 08:00	352683	185.342811	85.338898	43.616724	21.415656
16-06-11 09:00	396660	166.984734	63.782142	44.293797	21.847703
16-06-11 10:00	365315	166.542186	63.206409	44.751254	22.369149
16-06-11 11:00	341571	168.237253	63.336396	44.611087	21.940048
16-06-11 12:00	331934	172.090997	62.583622	46.232813	23.375231
16-06-11 13:00	311453	179.359187	68.837563	45.338668	22.568736
16-06-11 14:00	309486	175.769699	65.776454	45.084394	22.826504
16-06-11 15:00	327025	179.975149	73.364485	43.555782	20.434228
16-06-11 16:00	293355	169.531557	73.951589	42.117024	19.798538
16-06-11 17:00	222533	169.625333	70.586003	42.183794	20.017895
16-06-11 18:00	95218	174.699332	92.768181	38.565641	16.98415
16-06-11 19:00	73569	179.252725	104.686135	37.190999	16.624504
16-06-11 20:00	48157	245.394977	184.105313	38.86619	14.62929
16-06-11 21:00	40488	217.764334	160.863534	34.470211	14.623354
16-06-11 22:00	29241	243.716482	183.31645	35.418469	15.556923
16-06-11 23:00	19261	324.589455	264.417982	36.220509	15.762803
16-06-12 00:00	15870	397.323596	309.319046	45.520587	21.990312
16-06-12 01:00	8844	581.661354	515.197181	36.918467	16.160959
16-06-12 02:00	7531	662.227104	596.443533	35.563583	15.425433
16-06-12 03:00	7494	654.363396	589.170735	33.572539	14.484684
16-06-12 04:00	11441	497.924307	409.37989	41.634271	16.6902
16-06-12 05:00	22910	338.213566	247.80572	45.119326	14.927183
16-06-12 06:00	43749	206.668319	143.005917	36.742757	14.71496
16-06-12 07:00	76398	157.939812	96.932866	34.590893	13.883638
16-06-12 08:00	82354	164.733677	96.840438	37.893621	15.677081
16-06-12 09:00	92546	184.217207	101.118429	38.559145	15.455717
16-06-12 10:00	86384	171.904478	99.088755	38.63189	16.221949
16-06-12 11:00	82541	212.871229	131.500481	42.496437	16.338187
16-06-12 12:00	81247	227.280926	153.610022	39.231019	16.80708
16-06-12 13:00	85410	218.867816	142.321597	39.641923	16.324085
16-06-12 14:00	90291	171.545124	98.476989	38.892553	16.626295
16-06-12 15:00	100895	198.520232	112.840181	39.355969	15.807588
16-06-12 16:00	109274	167.886957	97.611242	38.308881	16.370362
16-06-12 17:00	96665	167.486193	96.808585	37.627406	15.917169
16-06-12 18:00	93082	161.646817	94.444124	36.678411	15.425408
16-06-12 19:00	80673	170.151766	103.795782	37.396761	15.750355
16-06-12 20:00	58926	221.203884	161.799032	39.155824	14.672862
16-06-12 21:00	44026	204.650178	150.141363	34.610695	14.147841
16-06-12 22:00	28686	246.67202	191.971551	34.388792	14.256531
16-06-12 23:00	16141	363.56437	302.537637	36.929146	15.507571
16-06-13 00:00	13870	440.446665	346.759929	48.405683	22.443039
16-06-13 01:00	8440	593.567706	529.070132	36.293001	15.767568
16-06-13 02:00	7734	635.397973	576.660566	34.714869	14.205718
16-06-13 03:00	8768	560.733618	509.093287	33.073535	13.362872
16-06-13 04:00	19024	326.098493	262.547339	40.631375	14.508213
16-06-13 05:00	56846	207.548433	118.951567	41.878197	17.96767
16-06-13 06:00	232594	160.641997	60.572593	46.544968	24.192784
16-06-13 07:00	425000	178.045983	65.115455	48.759416	27.786694
16-06-13 08:00	532275	184.848335	64.949385	51.839314	30.932543
16-06-13 09:00	629109	189.402059	66.54437	52.17384	31.564758
16-06-13 10:00	535175	171.15321	53.612122	50.961856	29.324554
16-06-13 11:00	508773	170.71861	57.064989	50.853794	27.408767
16-06-13 12:00	573594	175.957053	59.007809	52.6342	28.82638
16-06-13 13:00	557261	184.206618	64.481287	51.865734	28.585831
16-06-13 14:00	571239	179.255996	61.174325	51.500239	28.402002
16-06-13 15:00	545944	219.561079	79.299127	49.28941	36.020785
16-06-13 16:00	471710	201.583532	76.814204	47.562834	36.133903
16-06-13 17:00	368537	164.72187	65.858799	43.632432	21.435656
16-06-13 18:00	167565	176.252752	76.337399	39.827009	18.084115
16-06-13 19:00	116865	156.044299	84.088648	36.489628	15.877194
16-06-13 20:00	73648	200.555741	141.607164	37.90058	14.646015
16-06-13 21:00	49537	200.799777	143.606592	34.093951	14.954008
16-06-13 22:00	28781	242.41475	187.392723	33.176701	14.056779
16-06-13 23:00	16472	366.619003	302.772828	39.724285	16.679806
16-06-14 00:00	14478	446.273524	334.350422	63.769468	34.170019
16-06-14 01:00	9138	600.391774	532.671594	42.111568	17.967609
16-06-14 02:00	8551	595.2025	535.519714	37.651188	15.242341
16-06-14 03:00	10899	491.654485	438.352846	36.477038	14.652329
16-06-14 04:00	24964	273.007673	215.612955	36.044014	14.089818
16-06-14 05:00	66956	244.667989	155.074818	40.711893	15.792838
16-06-14 06:00	228825	171.588175	73.628623	45.56705	22.870262
16-06-14 07:00	374168	172.47769	65.488019	47.612972	25.275843
16-06-14 08:00	477170	186.680018	71.947873	51.584066	28.914574
16-06-14 09:00	544107	191.412073	70.399589	53.405776	30.367721
16-06-14 10:00	488804	183.649897	63.266038	52.05166	29.925888
16-06-14 11:00	484935	193.481029	74.009535	51.397887	29.205852
16-06-14 12:00	513244	189.819036	70.746244	52.377841	29.928596
16-06-14 13:00	507768	199.284823	74.445343	53.078721	30.202856
16-06-14 14:00	532573	202.748072	71.989229	50.547808	31.609984
16-06-14 15:00	498550	188.302459	69.40686	48.587399	26.400214
16-06-14 16:00	417843	179.336509	70.114033	45.363657	23.722701
16-06-14 17:00	340585	167.834475	65.969738	43.403699	21.674258
16-06-14 18:00	155399	167.816287	82.330273	39.132203	17.988432
16-06-14 19:00	111927	167.650144	93.02639	36.799251	16.49411
16-06-14 20:00	67207	216.167289	153.796048	38.327968	15.437115
16-06-14 21:00	49798	202.674264	146.771656	33.696582	14.635402
16-06-14 22:00	27793	261.085588	204.055306	32.934218	14.184112
16-06-14 23:00	16434	336.776383	274.383385	35.529593	16.027405
16-06-15 00:00	14933	410.210202	321.912666	44.871131	21.948042
16-06-15 01:00	8885	579.570215	517.910804	35.657022	15.680648
16-06-15 02:00	8942	574.092072	513.343095	34.314866	14.947764
16-06-15 03:00	10168	503.399698	452.027961	30.601926	12.190857
16-06-15 04:00	21149	300.258885	244.08358	31.739943	12.710316
16-06-15 05:00	58880	257.426378	167.405753	37.656885	15.82293
16-06-15 06:00	227699	176.47621	76.689596	43.662359	23.273478
16-06-15 07:00	397064	170.517775	65.666905	46.1431	25.882004
16-06-15 08:00	490372	184.338652	69.07987	50.599863	28.930877
16-06-15 09:00	544670	192.686806	73.140954	51.846433	30.257976
16-06-15 10:00	497773	186.845821	66.625973	51.927553	30.672397
16-06-15 11:00	507916	197.393861	72.93545	51.599242	29.047889
16-06-15 12:00	515272	200.048858	79.000339	52.424883	29.753784
16-06-15 13:00	473101	195.726009	73.589929	52.821242	30.33407
16-06-15 14:00	511228	190.098312	69.89216	52.116762	29.681499
16-06-15 15:00	472811	191.141888	68.871746	51.144533	27.406126
16-06-15 16:00	433257	185.993123	76.622643	49.117239	25.553043
16-06-15 17:00	357186	182.813118	74.961127	47.03489	24.264694
16-06-15 18:00	155625	174.355184	85.465799	41.72984	19.282047
16-06-15 19:00	106438	168.464584	90.721261	37.953208	17.0384
16-06-15 20:00	63516	223.548396	159.266607	38.894117	15.533363
16-06-15 21:00	51016	205.378822	143.519392	34.384876	14.836975
16-06-15 22:00	29398	257.31021	194.036356	33.725018	14.565021
16-06-15 23:00	16626	371.762051	304.042577	36.52581	16.509007
16-06-16 00:00	14204	447.787947	343.9334	47.461865	24.702009
16-06-16 01:00	8740	611.275437	526.58488	42.785801	18.164747
16-06-16 02:00	9153	596.621377	517.167443	46.017598	20.210016
16-06-16 03:00	10738	465.046773	404.843795	35.615334	13.892443
16-06-16 04:00	23059	285.594461	223.472229	33.718954	13.396753
16-06-16 05:00	63757	258.140547	165.432347	40.819753	17.214352
16-06-16 06:00	223945	174.510135	73.727693	46.910914	24.417688
16-06-16 07:00	384073	184.387885	72.908501	49.58747	26.919566
16-06-16 08:00	478159	196.488755	82.396166	51.366697	29.163657
16-06-16 09:00	538954	197.871214	77.89207	52.67206	30.070498
16-06-16 10:00	494061	188.823706	70.934471	52.077349	29.300513
16-06-16 11:00	498621	200.475057	82.509314	51.133424	28.47813
16-06-16 12:00	501569	197.888761	82.902005	50.712735	28.087252
16-06-16 13:00	472358	203.452146	83.525212	51.386048	28.88718
16-06-16 14:00	503987	189.549547	72.493907	50.043216	27.697943
16-06-16 15:00	480765	197.039879	77.337001	48.789715	25.832317
16-06-16 16:00	418601	181.444197	76.681463	45.965394	23.339247
16-06-16 17:00	344474	162.825803	62.01447	44.349339	21.997284
16-06-16 18:00	151440	142.709445	52.455591	39.51995	18.147509
16-06-16 19:00	113092	122.871497	52.761375	36.436731	16.040352
16-06-16 20:00	71424	142.565284	82.677722	37.656349	15.363594
16-06-16 21:00	51478	113.688517	58.12884	33.887271	14.823566
16-06-16 22:00	31670	111.252983	51.470019	34.777036	15.610356
16-06-16 23:00	18576	119.960458	53.444878	34.709322	16.125472
16-06-17 00:00	15915	149.514565	53.562743	46.541455	24.485211
16-06-17 01:00	9192	121.588022	47.29427	37.588281	17.856293
16-06-17 02:00	8727	139.389971	56.904755	45.524731	20.559068
16-06-17 03:00	10894	103.759607	45.700873	37.448908	16.740393
16-06-17 04:00	22333	105.785128	47.852562	35.743582	14.474166
16-06-17 05:00	64297	175.055939	82.546141	40.77728	17.692086
16-06-17 06:00	220805	157.608652	58.065508	45.456548	23.794127
16-06-17 07:00	403951	156.986765	56.316781	45.796761	25.086924
16-06-17 08:00	453569	189.200324	63.671938	51.092567	28.501261
16-06-17 09:00	508407	187.606508	67.09382	52.071739	29.066398
16-06-17 10:00	468978	180.055612	65.937593	50.630627	27.852329
16-06-17 11:00	471559	190.424473	74.531856	49.927759	27.457463
16-06-17 12:00	490401	190.797346	75.049188	50.166418	28.06855
16-06-17 13:00	425149	197.375736	77.560837	51.074754	28.381528
16-06-17 14:00	414366	175.66167	54.395922	49.42285	27.749931
16-06-17 15:00	464203	184.202502	64.753837	48.531777	25.60644
16-06-17 16:00	386891	176.827623	71.338244	46.009511	23.176497
16-06-17 17:00	316188	171.293929	69.644823	43.701452	21.567632
16-06-17 18:00	157957	142.012712	57.193621	39.898279	18.157719
16-06-17 19:00	104397	126.223217	54.435674	37.818045	16.642555
16-06-17 20:00	70653	143.796549	81.689227	38.548968	16.243496
16-06-17 21:00	54163	113.556221	57.546288	35.38856	15.33931
16-06-17 22:00	35337	115.073237	56.500236	35.707455	15.758273
16-06-17 23:00	21709	110.163707	53.553186	34.270189	14.65252
16-06-18 00:00	15921	132.715796	52.327011	43.421696	20.934478
16-06-18 01:00	10286	111.768133	48.815713	36.660671	16.266334
16-06-18 02:00	9686	111.167139	49.432762	35.889806	15.616418
16-06-18 03:00	9176	104.656689	46.638339	33.134175	14.791645
16-06-18 04:00	16032	101.214408	45.182597	31.967593	13.870595
16-06-18 05:00	39799	215.728419	124.13546	36.476948	14.586715
16-06-18 06:00	161397	157.82453	66.832459	39.839166	20.351058
16-06-18 07:00	279834	145.160938	48.865684	42.150655	21.957275
16-06-18 08:00	362163	165.373325	66.409435	43.432005	22.388162
16-06-18 09:00	432049	177.292045	71.369034	45.046723	22.470369
16-06-18 10:00	396690	173.163181	73.603414	44.473709	22.250977
16-06-18 11:00	386299	175.119246	73.379833	43.938421	21.727374
16-06-18 12:00	391274	175.895211	76.168591	44.027226	22.171929
16-06-18 13:00	384022	184.854742	81.575342	44.096815	21.787842
16-06-18 14:00	379714	167.996975	66.324953	44.120281	22.156559
16-06-18 15:00	359836	175.388785	71.575267	43.700402	21.049791
16-06-18 16:00	290573	174.183041	78.857479	42.653259	20.43307
16-06-18 17:00	228299	156.40803	60.944648	41.974141	20.059462
16-06-18 18:00	102661	133.393908	55.255775	38.479178	17.139637
16-06-18 19:00	78931	124.764332	49.313567	37.304283	16.649904
16-06-18 20:00	50192	164.920283	98.280547	40.796855	15.921119
16-06-18 21:00	45382	115.42433	59.413244	34.598422	14.685784
16-06-18 22:00	32047	110.177451	52.587455	34.683077	15.238944
16-06-18 23:00	20633	119.135075	53.308595	39.12288	16.963763
16-06-19 00:00	18319	164.791457	61.583895	57.628835	29.909923
16-06-19 01:00	10904	121.44922	51.417674	42.612772	19.479776
16-06-19 02:00	9409	115.747739	46.456746	41.068289	18.876035
16-06-19 03:00	7871	119.568621	48.247525	39.242498	18.00457
16-06-19 04:00	12597	130.252737	46.661209	37.155069	15.870062
16-06-19 05:00	25398	213.643512	130.368625	39.924018	14.546515
16-06-19 06:00	46208	112.746547	49.600883	36.136475	15.75013
16-06-19 07:00	109422	136.647339	79.542549	29.513635	10.319744
16-06-19 08:00	101780	173.761321	110.529234	36.068371	14.619876
16-06-19 09:00	95922	177.467105	100.861965	38.608343	16.579365
16-06-19 10:00	89968	171.302753	99.439379	38.700596	16.868631
16-06-19 11:00	90576	208.583991	136.689024	39.244675	16.281405
16-06-19 12:00	87935	219.167497	148.332892	38.461403	17.203712
16-06-19 13:00	93505	198.959579	127.581355	38.569333	16.754007
16-06-19 14:00	94739	169.21804	98.066742	38.62076	17.161099
16-06-19 15:00	105987	178.470608	96.01842	38.903797	15.963761
16-06-19 16:00	113765	133.277858	67.114007	37.657608	15.858689
16-06-19 17:00	103549	121.289606	55.56598	36.938128	15.479759
16-06-19 18:00	103393	115.93599	52.182078	36.125718	15.245321
16-06-19 19:00	88843	114.309955	51.426868	36.295909	15.340415
16-06-19 20:00	65035	147.55639	88.751793	39.638201	15.310106
16-06-19 21:00	53551	110.820301	58.830249	34.485426	14.235908
16-06-19 22:00	35706	109.922354	53.540625	36.331874	15.162703
16-06-19 23:00	19553	108.375907	51.195952	36.667959	15.877076
16-06-20 00:00	16951	138.287174	50.888637	46.9281	22.998155
16-06-20 01:00	10422	107.679483	47.797021	35.907747	15.594966
16-06-20 02:00	8912	107.564619	48.481161	36.567454	16.61634
16-06-20 03:00	10540	100.994518	47.693582	32.463339	13.696208
16-06-20 04:00	23139	106.512149	50.833602	31.966335	12.964306
16-06-20 05:00	71430	177.499966	87.851647	38.551755	16.48508
16-06-20 06:00	254946	154.401254	56.559309	44.485509	23.727743
16-06-20 07:00	458438	166.328452	59.530524	46.627181	26.930828
16-06-20 08:00	560894	192.749284	70.708263	51.25632	31.77094
16-06-20 09:00	659972	211.790093	75.580834	51.336917	36.239212
16-06-20 10:00	586957	191.109568	68.851826	49.271302	31.508387
16-06-20 11:00	579461	189.398	72.203064	48.470056	27.907295
16-06-20 12:00	617355	227.2355	75.864262	48.552943	27.949863
16-06-20 13:00	588883	198.128569	75.1163	49.988394	29.153943
16-06-20 14:00	590737	182.531595	66.568771	49.234887	28.30313
16-06-20 15:00	579298	185.534744	68.41787	47.553111	25.99057
16-06-20 16:00	490113	170.606329	69.654823	44.650331	23.47742
16-06-20 17:00	405715	152.878107	55.957778	42.763097	21.801185
16-06-20 18:00	189525	135.456109	55.684097	38.732343	17.992684
16-06-20 19:00	133980	126.862941	55.53822	36.027342	16.1545
16-06-20 20:00	84019	146.720628	86.630584	37.610914	14.967399
16-06-20 21:00	56501	115.113706	62.514745	33.206791	14.512736
16-06-20 22:00	33600	116.884021	57.996981	34.374317	15.592762
16-06-20 23:00	20735	113.424569	55.885193	33.69414	15.340575
16-06-21 00:00	16998	142.666856	55.669414	43.411882	21.676236
16-06-21 01:00	10133	115.928341	50.49374	35.522356	16.512341
16-06-21 02:00	9708	112.846901	48.840304	33.917974	15.622106
16-06-21 03:00	11227	96.113455	46.898601	29.42605	13.088913
16-06-21 04:00	23264	102.692352	50.266289	29.756521	12.417178
16-06-21 05:00	69991	209.670887	96.963	50.14876	22.623385
16-06-21 06:00	239105	166.519594	65.579385	46.067296	24.370736
16-06-21 07:00	428035	178.088126	74.811929	46.717417	24.391804
16-06-21 08:00	545040	241.689303	113.630225	51.513997	33.975186
16-06-21 09:00	644960	267.097518	118.122362	51.07803	39.789195
16-06-21 10:00	578410	259.070653	106.575773	50.446554	41.578102
16-06-21 11:00	570897	254.135821	103.24248	49.379526	41.412646
16-06-21 12:00	570155	268.291425	112.104505	50.94891	41.397621
16-06-21 13:00	547882	274.423838	117.702526	51.286189	40.892322
16-06-21 14:00	570459	269.339704	112.846388	50.522506	41.22262
16-06-21 15:00	568824	275.555326	113.163695	49.362452	40.246413
16-06-21 16:00	505665	274.730835	113.303257	46.919131	43.097197
16-06-21 17:00	391138	276.288177	102.853819	44.908926	48.863238
16-06-21 18:00	159119	313.150156	115.513752	42.084406	57.349326
16-06-21 19:00	112013	306.145441	115.494136	38.877742	51.191689
16-06-21 20:00	71534	327.592677	152.969045	40.282878	50.999712
16-06-21 21:00	55767	286.298294	128.45545	36.310662	49.871992
16-06-21 22:00	34138	298.089104	128.40564	37.337346	56.512892
16-06-21 23:00	20615	114.999588	55.68643	34.172755	16.176107
16-06-22 00:00	16674	146.759837	55.589716	44.293258	23.214125
16-06-22 01:00	10446	115.53588	50.195889	34.845564	18.262773
16-06-22 02:00	9490	112.961012	49.81874	34.361498	15.460437
16-06-22 03:00	10836	103.842795	47.95454	32.355615	13.729594
16-06-22 04:00	21649	101.166321	48.920735	29.385784	11.938393
16-06-22 05:00	61795	191.983913	99.183065	36.206007	15.556304
16-06-22 06:00	218626	159.146862	62.183627	41.878148	22.667174
16-06-22 07:00	401176	157.816428	59.442413	43.475999	22.404859
16-06-22 08:00	536126	178.984685	69.669165	49.651164	24.862592
16-06-22 09:00	605536	182.163238	65.755117	50.636418	26.123198
16-06-22 10:00	533583	175.937945	64.699476	49.959646	25.537697
16-06-22 11:00	538773	217.676153	75.52769	51.581429	40.126431
16-06-22 12:00	584322	195.983069	77.089106	50.614248	27.715126
16-06-22 13:00	592832	196.187173	79.506547	50.824728	26.646608
16-06-22 14:00	584090	188.203552	72.800115	50.407591	25.219833
16-06-22 15:00	581564	188.013246	71.233636	48.969494	23.905964
16-06-22 16:00	525339	179.675874	74.216495	46.214926	21.967571
16-06-22 17:00	404840	177.958071	75.859003	44.003458	21.09944
16-06-22 18:00	170601	170.432781	85.773941	39.752023	17.688943
16-06-22 19:00	119953	165.562705	90.911843	36.495542	16.413501
16-06-22 20:00	78792	178.687324	110.212327	39.542577	15.198042
16-06-22 21:00	59263	120.996242	69.183259	32.531214	13.896727
16-06-22 22:00	36032	111.060298	58.02591	31.710671	13.629193
16-06-22 23:00	20613	115.304158	55.880817	34.647886	15.388082
16-06-23 00:00	17131	142.202203	57.429424	43.470647	21.261763
16-06-23 01:00	11633	115.773684	56.245473	34.079451	15.832409
16-06-23 02:00	10737	110.438634	53.761797	33.702586	14.934211
16-06-23 03:00	13791	112.418691	50.792598	36.146895	16.0863
16-06-23 04:00	25464	103.238469	51.422344	31.658373	12.688947
16-06-23 05:00	71998	178.895977	87.624917	37.809234	15.886583
16-06-23 06:00	235789	166.541316	69.02338	43.682105	23.242112
16-06-23 07:00	394896	178.756099	61.435266	48.342493	25.827931
16-06-23 08:00	546345	188.43304	67.113977	51.578937	27.515291
16-06-23 09:00	628647	195.419145	69.727269	53.549843	28.250164
16-06-23 10:00	566477	186.212426	70.635978	52.40175	27.17679
16-06-23 11:00	542454	182.512111	64.495276	51.112249	27.02892
16-06-23 12:00	552402	193.640214	73.198337	51.860045	27.305082
16-06-23 13:00	542827	215.870989	81.134797	52.537476	26.57761
16-06-23 14:00	571920	192.160733	72.18731	52.144847	26.469721
16-06-23 15:00	553400	192.523653	70.854904	51.046345	24.415072
16-06-23 16:00	512316	173.322576	66.888185	47.962329	22.212202
16-06-23 17:00	385433	161.533415	59.932974	45.727564	21.376054
16-06-23 18:00	172451	141.889204	53.923429	41.2675	18.650944
16-06-23 19:00	112351	130.39344	54.315341	38.040898	17.082621
16-06-23 20:00	72909	152.900409	87.310401	39.435343	16.111973
16-06-23 21:00	53430	127.966751	69.059409	36.04347	15.424024
16-06-23 22:00	34743	121.428883	60.173326	36.34732	15.817741
16-06-23 23:00	19833	116.962103	56.677594	36.707543	16.375216
16-06-24 00:00	16658	145.083211	56.479381	44.979161	22.171852
16-06-24 01:00	10152	113.810332	52.359706	36.40908	17.065992
16-06-24 02:00	10336	110.305217	51.107654	35.500177	16.189164
16-06-24 03:00	11213	99.164467	48.320755	30.562111	12.958447
16-06-24 04:00	22694	103.227564	49.647119	31.73228	13.436749
16-06-24 05:00	68144	188.516849	94.089208	38.501212	16.93212
16-06-24 06:00	241274	162.362707	62.236622	43.833085	22.978396
16-06-24 07:00	420394	172.913821	64.212904	48.124032	25.677631
16-06-24 08:00	563250	183.811855	72.134532	50.851632	26.416068
16-06-24 09:00	628778	192.286439	71.561376	52.431557	28.04215
16-06-24 10:00	557676	186.973471	72.587133	51.163879	26.80701
16-06-24 11:00	528293	189.617108	76.193555	50.52333	25.863802
16-06-24 12:00	582380	195.85643	80.491365	51.319719	25.914869
16-06-24 13:00	534096	208.657635	84.29494	52.505985	26.326975
16-06-24 14:00	562343	185.840497	72.437223	50.629932	25.183661
16-06-24 15:00	523058	186.96141	72.274848	50.91415	23.495927
16-06-24 16:00	432725	173.020562	69.818065	47.239838	21.689706
16-06-24 17:00	343668	173.459947	69.431284	45.48347	21.497262
16-06-24 18:00	135550	171.276078	81.376356	42.661559	19.377251
16-06-24 19:00	89698	175.061803	97.509583	38.907316	17.430296
16-06-24 20:00	61582	219.421715	155.946131	40.385152	15.755646
16-06-24 21:00	47018	169.880022	112.633987	35.756078	15.06055
16-06-24 22:00	31710	119.984834	59.450944	36.250077	16.281956
16-06-24 23:00	19836	126.484196	61.96598	38.179007	17.320406
16-06-25 00:00	16542	147.692211	59.343249	44.977003	22.28049
16-06-25 01:00	10047	121.468849	55.925849	37.91119	17.35805
16-06-25 02:00	8302	115.037853	52.423481	36.50037	16.184386
16-06-25 03:00	7476	107.760223	49.305797	34.909016	15.125636
16-06-25 04:00	12062	106.492314	49.802504	31.537005	12.839051
16-06-25 05:00	28754	167.878268	100.82808	35.294507	15.779216
16-06-25 06:00	115558	150.415597	59.0938	40.11606	20.235617
16-06-25 07:00	217877	143.3253	50.037657	41.396147	19.717917
16-06-25 08:00	321789	156.997419	59.84465	45.394653	19.594689
16-06-25 09:00	372332	155.787217	57.106398	46.39476	20.304321
16-06-25 10:00	331962	154.048888	54.933556	45.797041	20.240958
16-06-25 11:00	316228	156.710336	56.300192	45.491937	20.249131
16-06-25 12:00	337011	170.995085	71.193814	46.490091	20.0392
16-06-25 13:00	351538	166.690628	64.378065	46.448155	19.39703
16-06-25 14:00	345649	164.985805	64.312644	45.941413	19.351777
16-06-25 15:00	305531	167.788355	66.34424	45.480993	18.963887
16-06-25 16:00	260964	161.563129	64.662716	44.305497	18.366926
16-06-25 17:00	185202	164.22991	68.344164	43.226162	19.421873
16-06-25 18:00	79760	157.887075	78.652861	39.101043	17.187072
16-06-25 19:00	60225	177.923943	104.946795	37.781845	15.977639
16-06-25 20:00	49356	199.644482	137.48618	41.27951	15.760776
16-06-25 21:00	30012	235.585238	172.29147	42.869282	18.88795
16-06-25 22:00	28448	212.80181	152.208104	41.439629	17.277025
16-06-25 23:00	18646	260.578808	201.169639	40.462875	17.065795
16-06-26 00:00	18038	355.569868	272.316555	48.339708	22.677776
16-06-26 01:00	10837	479.568619	415.795452	40.489937	17.098238
16-06-26 02:00	9692	358.668277	296.996821	39.294978	17.268913
16-06-26 03:00	8423	115.431958	49.853088	37.184811	16.42669
16-06-26 04:00	11371	126.068192	47.458803	34.676605	15.386383
16-06-26 05:00	22185	385.552771	173.548102	48.641083	14.055744
16-06-26 06:00	44430	186.391407	126.2901	35.485609	13.720558
16-06-26 07:00	73584	182.329501	120.21827	34.426416	13.067097
16-06-26 08:00	86508	186.704222	118.834015	39.204287	15.179931
16-06-26 09:00	87018	176.012591	100.810064	39.536276	15.990826
16-06-26 10:00	82895	177.077349	101.326039	39.923187	16.436629
16-06-26 11:00	74971	224.187851	142.474755	42.039378	17.05905
16-06-26 12:00	75205	216.91089	137.725892	40.623865	17.097366
16-06-26 13:00	71070	236.411719	157.387451	40.844787	16.953844
16-06-26 14:00	67103	209.570459	133.623031	39.825979	16.201071
16-06-26 15:00	82845	206.309387	132.872721	38.354094	15.528764
16-06-26 16:00	84464	166.620626	96.572323	38.476989	16.179187
16-06-26 17:00	79936	130.860181	59.49857	38.298972	16.591562
16-06-26 18:00	77820	123.794243	59.731685	36.094773	15.642771
16-06-26 19:00	69802	120.667092	57.652556	36.942355	16.157921
16-06-26 20:00	53259	144.829357	85.371966	39.156742	15.109283
16-06-26 21:00	39754	125.221027	70.971237	35.026773	14.909419
16-06-26 22:00	27083	108.985939	55.442913	33.838393	14.188496
16-06-26 23:00	16591	112.554222	54.414474	36.072147	15.878363
16-06-27 00:00	17249	140.68115	53.086829	45.168782	22.111924
16-06-27 01:00	11267	113.152267	51.328027	36.88934	17.199473
16-06-27 02:00	7508	118.500082	49.156039	40.645246	20.283407
16-06-27 03:00	10543	91.84814	41.364863	29.351015	12.502288
16-06-27 04:00	23093	104.276849	47.589014	31.226099	13.201072
16-06-27 05:00	66615	156.445223	72.495299	38.348954	17.056152
16-06-27 06:00	254025	151.1287	49.984512	44.940353	24.731186
16-06-27 07:00	472534	186.437484	67.917737	49.689115	29.641152
16-06-27 08:00	754079	167.777865	59.348317	45.662479	26.127406
16-06-27 09:00	848144	172.200384	58.834458	46.530143	27.485185
16-06-27 10:00	811485	153.796381	51.644271	44.391805	24.283181
16-06-27 11:00	715857	163.985589	56.316102	47.54477	24.978294
16-06-27 12:00	735216	173.635192	60.988427	50.285529	26.017054
16-06-27 13:00	704750	182.379663	65.498672	50.959286	26.157588
16-06-27 14:00	716936	188.726925	63.889	50.528077	25.685468
16-06-27 15:00	654873	452.745551	69.281184	47.773294	22.035959
16-06-27 16:00	540232	420.744488	60.108036	44.69421	19.253106
16-06-27 17:00	452860	325.002202	54.21415	40.053739	17.346498
16-06-27 18:00	228861	140.105249	53.29489	34.276674	13.976001
16-06-27 19:00	169201	124.249943	51.223137	31.103192	12.466569
16-06-27 20:00	114411	118.113754	70.75783	30.856303	10.601564
16-06-27 21:00	99101	89.005848	52.947255	25.369728	8.527374
16-06-27 22:00	66885	73.000167	40.956651	22.103177	6.924306
16-06-27 23:00	46906	69.482493	40.157338	20.602408	5.697155
16-06-28 00:00	29692	72.039975	34.543132	22.951579	7.325528
16-06-28 01:00	10345	75.054135	37.39143	23.900732	9.07238
16-06-28 02:00	4939	119.139804	57.44003	36.638169	15.897913
16-06-28 03:00	4770	104.679427	51.209896	33.835677	14.363281
16-06-28 04:00	9805	103.054359	47.6926	32.3833	13.604663
16-06-28 05:00	26404	181.028754	102.915243	37.990823	16.631277
16-06-28 06:00	97864	164.659991	65.864487	46.383707	23.891295
16-06-28 07:00	164097	166.539082	55.415068	52.166562	27.885492
16-06-28 08:00	221994	191.482071	68.155152	56.254974	30.380417
16-06-28 09:00	256584	185.834626	62.73887	56.521775	30.177905
16-06-28 10:00	235925	180.959201	59.293935	55.908303	29.341623
16-06-28 11:00	203018	191.556138	66.274659	52.888803	27.144452
16-06-28 12:00	191574	183.676706	68.368769	50.81383	26.006961
16-06-28 13:00	139330	188.831913	64.264841	52.839263	25.712888
16-06-28 14:00	90907	173.893119	59.47278	50.737424	25.394535
16-06-28 15:00	44307	177.997893	66.205449	49.563933	23.946489
16-06-28 16:00	35892	164.566588	58.958695	46.419158	21.211382
16-06-28 17:00	27639	157.751667	60.240991	43.548694	20.616441
16-06-28 18:00	7676	169.561557	75.779238	41.188483	17.81768
